--- Tile 0 ---
00000000
00000000
00000000
00000000
00000000
00000000
00000000
00000000
--- Tile 1 ---
00000000
00000000
00000000
00000000
00000000
00000000
00000000
00000000
--- Tile 2 ---
00000000
00000000
00000000
00000000
00000000
00000000
00000000
00000000
--- Tile 3 ---
00000000
00000000
00000000
00000000
00000000
00000000
00000000
00000000
--- Tile 4 ---
00000000
00000000
00000000
00000000
00000000
00000000
00000000
00000000
--- Tile 5 ---
00000000
00000000
00000000
00000000
00000000
00000000
00000000
00000000
--- Tile 6 ---
00000000
00000000
00000000
00000000
00000000
00000000
00000000
00000000
--- Tile 7 ---
00000000
00000000
00000000
00000000
00000000
00000000
00000000
00000000
--- Tile 8 ---
00000000
00000000
00000000
00000000
00000000
00000000
00000000
00000000
--- Tile 9 ---
00000000
00000000
00000000
00000000
00000000
00000000
00000000
00000000
--- Tile 10 ---
00000000
00000000
00000000
00000000
00000000
00000000
00000000
00000000
--- Tile 11 ---
00000000
00000000
00000000
00000000
00000000
00000000
00000000
00000000
--- Tile 12 ---
00000000
00000000
00000000
00000000
00000000
00000000
00000000
00000000
--- Tile 13 ---
22222222
22222222
02022022
00020020
00020000
00000000
00000000
00000000
--- Tile 14 ---
22222222
22222222
22202220
22200200
02000000
02000000
00000000
00000000
--- Tile 15 ---
22000000
22200000
22220000
22200000
22000000
22220000
22222200
22220000
--- Tile 16 ---
00000033
00000222
00000022
00022222
00000222
00000022
00002222
00000222
--- Tile 17 ---
00000000
00000000
00000000
00000000
02000000
02000000
22200000
22200000
--- Tile 18 ---
22020202
02020202
02222202
02222222
00222022
00222022
00020002
00020002
--- Tile 19 ---
02020202
02020202
02020202
22222222
22222220
22222220
22220200
22220200
--- Tile 20 ---
00033000
00033000
00322300
00322300
03222230
03222230
31212123
31111113
--- Tile 21 ---
00000000
00000000
00000020
00000020
00200222
02220222
22222222
22222222
--- Tile 22 ---
00000000
00000000
00000000
00002000
02002000
22022020
22222222
22222222
--- Tile 23 ---
22200000
22220000
22000000
22200000
22222000
22000000
22200000
22000000
--- Tile 24 ---
00002222
00222222
00002222
00000022
00000222
00002222
00000222
00000022
--- Tile 25 ---
22221212
22221212
22221212
22221212
22221212
22221212
22221212
22221212
--- Tile 26 ---
12121212
12121212
12121212
12121212
12121212
12121212
12121212
12121212
--- Tile 27 ---
00020002
00020002
00222022
00222022
02222222
02222202
02020202
22020202
--- Tile 28 ---
22220200
22220200
22222220
22222220
22222222
02020202
02020202
02020202
--- Tile 29 ---
22200000
22200000
02000000
02000000
00000000
00000000
00000000
00000000
--- Tile 30 ---
33333333
32222222
32222222
32222222
32121212
32121212
32121212
31111111
--- Tile 31 ---
33333333
22222223
22222223
22222223
12121213
12121213
12121213
11111113
--- Tile 32 ---
00000003
00000003
00000032
00000032
00000322
00000322
00003212
00003212
--- Tile 33 ---
30000000
30000000
23000000
23000000
22300000
22300000
12130000
12130000
--- Tile 34 ---
33333333
30000000
03000000
03101010
00301010
00301010
00031111
00031111
--- Tile 35 ---
33333333
00000003
00000030
10101030
10101300
10101300
11113000
11113000
--- Tile 36 ---
33000000
30330000
30013300
30010133
30010111
30010111
30010111
30010111
--- Tile 37 ---
00000000
00000000
00000000
00000000
33000000
21330000
21223300
21222233
--- Tile 38 ---
00000000
00000000
00000000
00000000
00000033
00003312
00332212
33222212
--- Tile 39 ---
00000033
00003303
00331003
33101003
11101003
11101003
11101003
11101003
--- Tile 40 ---
22221212
22221212
22221212
22222222
22222222
22222222
22222222
33333333
--- Tile 41 ---
12121212
12121212
12121212
22222222
22222222
22222222
22222222
33333333
--- Tile 42 ---
33333333
03010101
00331111
00003121
00000332
00000003
00000000
00000000
--- Tile 43 ---
33333333
01010130
11113300
21230000
23300000
30000000
00000000
00000000
--- Tile 44 ---
30000000
33000000
30300000
30300000
30130000
30123000
30123000
30122300
--- Tile 45 ---
00000003
00000033
00000303
00000303
00003103
00032103
00032103
00322103
--- Tile 46 ---
31111111
31111111
31010101
31010101
31010101
30000000
30000000
33333333
--- Tile 47 ---
11111113
11111113
01010103
01010103
01010103
00000003
00000003
33333333
--- Tile 48 ---
00031111
00031111
00301010
00301010
03101010
03000000
30000000
33333333
--- Tile 49 ---
11113000
11113000
10101300
10101300
10101030
00000030
00000003
33333333
--- Tile 50 ---
00003212
00003212
00000322
00000322
00000032
00000032
00000003
00000003
--- Tile 51 ---
12130000
12130000
22300000
22300000
23000000
23000000
30000000
30000000
--- Tile 52 ---
30010111
30010111
30010111
30010111
30010133
30013300
30330000
33000000
--- Tile 53 ---
21222233
21223300
21330000
33000000
00000000
00000000
00000000
00000000
--- Tile 54 ---
33222212
00332212
00003312
00000033
00000000
00000000
00000000
00000000
--- Tile 55 ---
11101003
11101003
11101003
11101003
33101003
00331003
00003303
00000033
--- Tile 56 ---
33333333
32222222
32222222
31212121
31111111
31010101
30000000
33333333
--- Tile 57 ---
33333333
22222223
22222223
21212123
11111113
01010103
00000003
33333333
--- Tile 58 ---
00000000
00000000
00000003
00000332
00003121
00331111
03010101
33333333
--- Tile 59 ---
00000000
00000000
30000000
23300000
21230000
11113300
01010130
33333333
--- Tile 60 ---
30122300
30123000
30123000
30130000
30300000
30300000
33000000
30000000
--- Tile 61 ---
00322103
00032103
00032103
00003103
00000303
00000303
00000033
00000003
--- Tile 62 ---
33333333
32222022
32222022
32222022
32222022
30000000
32222011
32222011
--- Tile 63 ---
33333333
22022223
22022223
22022223
22022223
00000003
11022223
11022223
--- Tile 64 ---
32222011
32222011
32222011
32222011
32222011
30000000
32222011
32222011
--- Tile 65 ---
11022223
11022223
11022223
11022223
11022223
00000003
11022223
11022223
--- Tile 66 ---
33333333
22222022
22222022
22222022
22222022
00000000
11111011
11111011
--- Tile 67 ---
33333333
22022222
22022222
22022222
22022222
00000000
11011111
11011111
--- Tile 68 ---
11111011
11111011
11111011
11111011
11111011
00000000
11111011
11111011
--- Tile 69 ---
11011111
11011111
11011111
11011111
11011111
00000000
11011111
11011111
--- Tile 70 ---
32222022
22222022
22222022
22222022
22222022
00000000
22222011
22222011
--- Tile 71 ---
22022223
22022222
22022222
22022222
22022222
00000000
11022222
11022222
--- Tile 72 ---
32222011
32222011
30000000
32222022
32222022
32222022
32222022
33333333
--- Tile 73 ---
11022223
11022223
00000003
22022223
22022223
22022223
22022223
33333333
--- Tile 74 ---
32222011
32222011
30000000
32222011
32222011
32222011
32222011
32222011
--- Tile 75 ---
11022223
11022223
00000003
11022223
11022223
11022223
11022223
11022223
--- Tile 76 ---
11111011
11111011
00000000
22222022
22222022
22222022
22222022
33333333
--- Tile 77 ---
11011111
11011111
00000000
22022222
22022222
22022222
22022222
33333333
--- Tile 78 ---
11111011
11111011
00000000
11111011
11111011
11111011
11111011
11111011
--- Tile 79 ---
11011111
11011111
00000000
11011111
11011111
11011111
11011111
11011111
--- Tile 80 ---
22222011
22222011
00000000
22222022
22222022
22222022
22222022
32222022
--- Tile 81 ---
11022222
11022222
00000000
22022222
22022222
22022222
22022222
22022222
--- Tile 82 ---
33002222
30300022
30322222
30130022
30122222
30123002
30122222
30122302
--- Tile 83 ---
00000000
22000000
22220000
22000000
00000000
22000000
22220000
22222200
--- Tile 84 ---
00000000
00000022
00002222
00000022
00000000
00000022
00002222
00222222
--- Tile 85 ---
22220033
22000303
22222303
22003103
22222103
20032103
22222103
20322103
--- Tile 86 ---
33333333
03010101
00331111
00023121
22020232
02020202
02222202
02222222
--- Tile 87 ---
33333333
01010130
11113300
21230200
22320202
32020202
02020202
22222222
--- Tile 88 ---
32323232
33323232
33323232
33333232
33333232
33333332
33333332
33333333
--- Tile 89 ---
32323232
32323222
32323222
32322222
32322222
32222222
32222222
22222222
--- Tile 90 ---
30122222
30123002
30132222
30300002
30322222
33000002
33002222
30000000
--- Tile 91 ---
22222222
22222200
22220000
22000000
22220000
22000000
00000000
00000000
--- Tile 92 ---
22222222
00222222
00002222
00000022
00002222
00000022
00000000
00000000
--- Tile 93 ---
22222103
20032103
22223103
20000003
22222003
20000033
22220003
00000000
--- Tile 94 ---
02222222
02222202
02020202
22020232
00023121
00331111
03010101
33333333
--- Tile 95 ---
22222222
02020202
32020202
22320202
21230200
11113300
01010130
33333333
--- Tile 96 ---
33333333
33333331
33333311
33333111
33331111
33311111
33111111
31111111
--- Tile 97 ---
22222222
12222222
11222222
11122222
11112222
11111222
11111122
11111112
--- Tile 98 ---
00000333
00033000
00300000
03000033
03003311
30003111
30031111
30031111
--- Tile 99 ---
33300000
00033000
00000300
33000030
11330030
11130003
11113003
11113003
--- Tile 100 ---
00000000
00000000
00000000
00000000
00003333
00331111
03111111
31111111
--- Tile 101 ---
00000000
00000000
00000000
00000000
33330000
11113300
11111130
11111113
--- Tile 102 ---
30031111
30031111
30003111
03003311
03000033
00300000
00033000
00000333
--- Tile 103 ---
11113003
11113003
11130003
11330030
33000030
00000300
00033000
33300000
--- Tile 104 ---
31111111
03111111
00331111
00003333
00000000
00000000
00000000
00000000
--- Tile 105 ---
11111113
11111130
11113300
33330000
00000000
00000000
00000000
00000000
--- Tile 106 ---
00000000
00000000
00000000
00000000
00000000
00000000
00000000
00000000
--- Tile 107 ---
00000000
00000000
00000000
00000000
00000000
00000000
00000000
00000000
--- Tile 108 ---
00000000
00000000
00000000
00000000
00000000
00000000
00000000
00000000
--- Tile 109 ---
00000000
00000000
00000000
00000000
00000000
00000000
00000000
00000000
--- Tile 110 ---
00000000
00000000
00000000
00000000
00000000
00000000
00000000
00000000
--- Tile 111 ---
00000000
00000000
00000000
00000000
00000000
00000000
00000000
00000000
--- Tile 112 ---
00000000
00000000
00000000
00000000
00000000
00000000
00000000
00000000
--- Tile 113 ---
00000000
00000000
00000000
00000000
00000000
00000000
00000000
00000000
--- Tile 114 ---
00000000
00000000
00000000
00000000
00000000
00000000
00000000
00000000
--- Tile 115 ---
00000000
00000000
00000000
00000000
00000000
00000000
00000000
00000000
--- Tile 116 ---
00000000
00000000
00000000
00000000
00000000
00000000
00000000
00000000
--- Tile 117 ---
00000000
00000000
00000000
00000000
00000000
00000000
00000000
00000000
--- Tile 118 ---
00000000
00000000
00000000
00000000
00000000
00000000
00000000
00000000
--- Tile 119 ---
00000000
00000000
00000000
00000000
00000000
00000000
00000000
00000000
--- Tile 120 ---
00000000
00000000
00000000
00000000
00000000
00000000
00000000
00000000
--- Tile 121 ---
00000000
00000000
00000000
00000000
00000000
00000000
00000000
00000000
--- Tile 122 ---
00000000
00000000
00000000
00000000
00000000
00000000
00000000
00000000
--- Tile 123 ---
00000000
00000000
00000000
00000000
00000000
00000000
00000000
00000000
--- Tile 124 ---
00000000
00000000
00000000
00000000
00000000
00000000
00000000
00000000
--- Tile 125 ---
00000000
00000000
00000000
00000000
00000000
00000000
00000000
00000000
--- Tile 126 ---
00000000
00000000
00000000
00000000
00000000
00000000
00000000
00000000
--- Tile 127 ---
00000000
00000000
00000000
00000000
00000000
00000000
00000000
00000000
